3.21458e-23
7.81441e-19
1.14261e-15
1.27183e-13
1.70303e-12
9.25863e-12
2.55454e-12
1.27183e-13
8.56954e-16
7.81441e-19
3.21458e-23
7.81441e-19
1.26642e-14
1.15733e-11
2.06115e-09
4.82993e-08
9.37793e-08
4.13994e-08
2.40468e-09
1.15733e-11
1.47749e-14
7.81441e-19
8.56954e-16
1.62026e-11
1.523e-08
1.88361e-06
5.29666e-05
0.00012341
3.78333e-05
2.26033e-06
1.77683e-08
9.25863e-12
1.14261e-15
1.27183e-13
2.06115e-09
1.88361e-06
0.000447284
0.00449196
0.0213682
0.00673795
0.000279552
2.26033e-06
2.7482e-09
8.47889e-14
2.55454e-12
3.44995e-08
6.05332e-05
0.00449196
0.157891
0.367879
0.135335
0.00673795
4.53999e-05
4.13994e-08
2.55454e-12
6.94397e-12
1.31291e-07
0.000102842
0.0183156
0.367879
0.833333
0.429193
0.0183156
0.00012341
1.12535e-07
6.94397e-12
3.40606e-12
2.75996e-08
5.29666e-05
0.00786094
0.135335
0.367879
0.135335
0.00673795
4.53999e-05
3.44995e-08
2.55454e-12
1.27183e-13
2.06115e-09
2.26033e-06
0.000279552
0.00786094
0.0183156
0.00673795
0.000279552
2.26033e-06
2.40468e-09
1.27183e-13
5.71303e-16
1.62026e-11
1.523e-08
2.63705e-06
3.78333e-05
0.00012341
4.53999e-05
2.63705e-06
1.26916e-08
1.38879e-11
8.56954e-16
1.04192e-18
1.05535e-14
1.38879e-11
1.71763e-09
4.13994e-08
1.31291e-07
4.13994e-08
2.06115e-09
1.38879e-11
1.05535e-14
1.04192e-18
3.21458e-23
1.04192e-18
5.71303e-16
1.69578e-13
2.55454e-12
4.62931e-12
2.55454e-12
1.27183e-13
1.14261e-15
7.81441e-19
3.21458e-23
